[1;
 1030;
 792;
 1051;
 374;
 704;
 95;
 411;
 346;
 1;
 1030;
 792;
 1051;
 373;
 703;
 98;
 411;
 349;
 1;
 803;
 999;
 268;
 262;
 306;
 604;
 541;
 992;
 1;
 638;
 198;
 368;
 471;
 323;
 681;
 921;
 76;
 0;
 1167;
 251;
 696;
 121;
 306;
 258;
 978;
 639;
 0;
 768;
 293;
 571;
 163;
 312;
 457;
 243;
 814;
 0;
 683;
 653;
 218;
 465;
 366;
 769;
 690;
 984;
 1;
 847;
 198;
 544;
 188;
 271;
 469;
 373;
 734;
 1;
 1054;
 754;
 478;
 457;
 285;
 783;
 693;
 915;
 2;
 893;
 563;
 893;
 280;
 530;
 167;
 280;
 346;
 2;
 893;
 561;
 893;
 280;
 532;
 167;
 278;
 345;
 1;
 663;
 961;
 1030;
 757;
 852;
 485;
 323;
 853;
 0;
 668;
 978;
 1149;
 852;
 567;
 328;
 301;
 684;
 0;
 668;
 978;
 1152;
 853;
 571;
 327;
 303;
 684;
 1;
 1081;
 786;
 403;
 255;
 296;
 666;
 655;
 999;
 1;
 1064;
 785;
 394;
 259;
 298;
 663;
 651;
 998;
 2;
 613;
 192;
 317;
 444;
 438;
 716;
 948;
 231;
 1;
 690;
 167;
 421;
 462;
 392;
 698;
 994;
 56;
 0;
 1100;
 649;
 1001;
 331;
 666;
 125;
 504;
 315;
 0;
 1097;
 649;
 999;
 331;
 665;
 128;
 502;
 317;
 0;
 1083;
 769;
 1228;
 196;
 680;
 53;
 340;
 380;
 1;
 740;
 475;
 925;
 243;
 579;
 240;
 308;
 387;
 1;
 740;
 478;
 924;
 243;
 581;
 238;
 308;
 385;
 1;
 1278;
 866;
 1209;
 247;
 621;
 290;
 647;
 862;
 2;
 904;
 191;
 641;
 213;
 397;
 471;
 441;
 684;
 2;
 1030;
 188;
 499;
 111;
 324;
 603;
 967;
 772;
 2;
 1030;
 187;
 501;
 112;
 327;
 604;
 969;
 769;
 1;
 280;
 631;
 808;
 465;
 736;
 173;
 408;
 331;
 1;
 281;
 629;
 808;
 468;
 736;
 173;
 407;
 332;
 0;
 715;
 675;
 310;
 423;
 404;
 698;
 670;
 930;
 2;
 700;
 161;
 380;
 366;
 299;
 706;
 837;
 458;
 2;
 693;
 164;
 385;
 370;
 299;
 705;
 815;
 464;
 1;
 365;
 649;
 799;
 404;
 767;
 114;
 487;
 360;
 1;
 365;
 647;
 803;
 402;
 767;
 115;
 488;
 357;
 2;
 935;
 223;
 561;
 206;
 302;
 409;
 817;
 533;
 2;
 934;
 223;
 558;
 208;
 302;
 409;
 816;
 534;
 2;
 935;
 223;
 560;
 206;
 302;
 409;
 816;
 533;
 2;
 973;
 698;
 997;
 132;
 481;
 95;
 292;
 554;
 2;
 970;
 698;
 995;
 135;
 481;
 95;
 291;
 552;
 1;
 406;
 527;
 717;
 502;
 941;
 112;
 614;
 283;
 1;
 781;
 391;
 844;
 185;
 534;
 306;
 334;
 503;
 1;
 780;
 391;
 844;
 185;
 534;
 306;
 333;
 504;
 1;
 1025;
 137;
 670;
 255;
 420;
 458;
 714;
 486;
 2;
 845;
 696;
 340;
 387;
 422;
 698;
 724;
 972;
 2;
 834;
 694;
 340;
 387;
 424;
 695;
 721;
 971;
 1;
 676;
 257;
 435;
 476;
 715;
 497;
 1033;
 111;
 1;
 315;
 628;
 571;
 968;
 836;
 754;
 351;
 283;
 0;
 1058;
 51;
 771;
 170;
 495;
 444;
 432;
 642;
 1;
 689;
 188;
 434;
 391;
 316;
 670;
 710;
 447;
 1;
 687;
 188;
 434;
 392;
 316;
 668;
 710;
 447;
 2;
 1110;
 803;
 512;
 479;
 397;
 717;
 749;
 888;
 2;
 1110;
 801;
 511;
 481;
 396;
 722;
 750;
 890;
 1;
 406;
 346;
 1078;
 804;
 1247;
 282;
 756;
 42;
 1;
 407;
 346;
 1076;
 803;
 1246;
 282;
 754;
 41;
 1;
 460;
 908;
 1027;
 978;
 939;
 303;
 372;
 420;
 1;
 523;
 608;
 981;
 137;
 682;
 247;
 427;
 488;
 1;
 523;
 607;
 981;
 136;
 682;
 248;
 428;
 488;
 2;
 894;
 377;
 852;
 142;
 525;
 332;
 357;
 583;
 2;
 886;
 370;
 852;
 139;
 525;
 331;
 355;
 579;
 1;
 939;
 615;
 331;
 625;
 383;
 908;
 777;
 865;
 2;
 799;
 698;
 281;
 561;
 466;
 768;
 801;
 897;
 2;
 799;
 696;
 281;
 559;
 464;
 766;
 801;
 898;
 1;
 401;
 436;
 837;
 596;
 1165;
 76;
 677;
 171;
 1;
 401;
 439;
 836;
 597;
 1165;
 80;
 677;
 175;
 2;
 857;
 157;
 547;
 299;
 351;
 524;
 757;
 432;
 2;
 858;
 157;
 547;
 299;
 352;
 526;
 757;
 434;
 1;
 799;
 1014;
 910;
 430;
 316;
 357;
 352;
 807;
 1;
 1076;
 696;
 948;
 91;
 432;
 201;
 357;
 696;
 2;
 935;
 93;
 631;
 262;
 422;
 506;
 647;
 513;
 1;
 669;
 290;
 438;
 493;
 670;
 464;
 974;
 135;
 1;
 424;
 243;
 436;
 818;
 1205;
 782;
 999;
 97;
 1;
 425;
 244;
 435;
 821;
 1205;
 782;
 995;
 97;
 1;
 424;
 248;
 446;
 828;
 1214;
 789;
 1001;
 100;
 0;
 809;
 118;
 501;
 317;
 361;
 600;
 805;
 441;
 0;
 809;
 118;
 502;
 317;
 359;
 601;
 806;
 444;
 1;
 769;
 182;
 439;
 268;
 1004;
 576;
 1214;
 306;
 1;
 455;
 173;
 345;
 628;
 1116;
 615;
 950;
 91;
 1;
 384;
 696;
 721;
 900;
 1046;
 801;
 448;
 439;
 0;
 894;
 499;
 770;
 144;
 402;
 299;
 284;
 646;
 1;
 808;
 132;
 497;
 349;
 374;
 617;
 916;
 342;
 1;
 749;
 44;
 422;
 413;
 1058;
 822;
 1213;
 303;
 0;
 716;
 90;
 474;
 348;
 355;
 664;
 684;
 479;
 0;
 716;
 90;
 474;
 346;
 356;
 660;
 684;
 476;
 1;
 965;
 230;
 756;
 250;
 471;
 448;
 371;
 633;
 1;
 1084;
 300;
 700;
 171;
 409;
 273;
 968;
 559;
 2;
 845;
 174;
 527;
 311;
 342;
 520;
 833;
 376;
 1;
 409;
 478;
 717;
 528;
 1004;
 84;
 636;
 223;
 1;
 338;
 380;
 887;
 544;
 926;
 269;
 566;
 196;
 0;
 1153;
 575;
 864;
 95;
 392;
 259;
 362;
 740;
 0;
 1081;
 575;
 838;
 98;
 390;
 273;
 339;
 726;
 1;
 625;
 907;
 457;
 315;
 277;
 493;
 367;
 860;
 2;
 924;
 551;
 1059;
 306;
 688;
 180;
 399;
 280;
 2;
 1046;
 717;
 852;
 45;
 412;
 292;
 374;
 762;
 1;
 499;
 434;
 423;
 652;
 1010;
 86;
 762;
 160;
 1;
 441;
 647;
 700;
 1003;
 905;
 900;
 369;
 339;
 0;
 981;
 198;
 685;
 209;
 402;
 432;
 465;
 621;
 0;
 979;
 196;
 685;
 212;
 401;
 430;
 464;
 621;
 1;
 976;
 35;
 660;
 240;
 437;
 506;
 604;
 549;
 1;
 954;
 79;
 444;
 174;
 321;
 632;
 1039;
 666;
 1;
 510;
 317;
 357;
 584;
 780;
 426;
 807;
 121;
 1;
 626;
 506;
 1128;
 880;
 1227;
 399;
 908;
 45;
 1;
 630;
 507;
 1128;
 876;
 1228;
 401;
 906;
 44;
 0;
 903;
 887;
 861;
 624;
 309;
 612;
 525;
 821;
 0;
 897;
 886;
 822;
 628;
 313;
 614;
 532;
 814;
 1;
 502;
 381;
 379;
 566;
 1041;
 226;
 822;
 199;
 1;
 498;
 383;
 378;
 568;
 1041;
 227;
 820;
 201;
 1;
 372;
 350;
 1191;
 670;
 1242;
 144;
 682;
 73;
 1;
 1071;
 853;
 1263;
 318;
 781;
 45;
 418;
 376;
 0;
 994;
 926;
 799;
 653;
 361;
 652;
 610;
 836;
 0;
 981;
 589;
 379;
 722;
 676;
 921;
 1158;
 932;
 1;
 929;
 212;
 747;
 227;
 467;
 451;
 364;
 647;
 0;
 980;
 100;
 666;
 272;
 439;
 499;
 655;
 490;
 0;
 1197;
 544;
 943;
 177;
 686;
 317;
 1131;
 940;
 1;
 1009;
 97;
 663;
 248;
 431;
 483;
 690;
 512;
 0;
 1226;
 60;
 571;
 39;
 326;
 540;
 1106;
 829;
 0;
 1226;
 59;
 571;
 41;
 323;
 540;
 1107;
 829;
 1;
 450;
 815;
 1179;
 467;
 780;
 105;
 340;
 320;
 1;
 948;
 201;
 721;
 163;
 442;
 433;
 359;
 706;
 1;
 985;
 806;
 401;
 455;
 393;
 694;
 721;
 895;
 1;
 987;
 804;
 400;
 454;
 396;
 692;
 719;
 895;
 2;
 1120;
 877;
 1218;
 423;
 1025;
 65;
 792;
 673;
 1;
 355;
 547;
 885;
 370;
 852;
 142;
 520;
 311;
 1;
 1117;
 898;
 1229;
 436;
 970;
 62;
 689;
 554;
 0;
 763;
 974;
 831;
 615;
 320;
 419;
 429;
 738;
 1;
 1240;
 230;
 717;
 10;
 379;
 359;
 1089;
 776;
 1;
 1239;
 229;
 714;
 11;
 375;
 357;
 1081;
 776;
 1;
 555;
 594;
 1005;
 107;
 676;
 216;
 424;
 469;
 1;
 555;
 596;
 1006;
 108;
 675;
 217;
 425;
 469;
 2;
 1069;
 807;
 442;
 413;
 396;
 691;
 736;
 916;
 2;
 1016;
 804;
 413;
 416;
 403;
 681;
 726;
 914;
 1;
 1180;
 224;
 677;
 48;
 352;
 369;
 1095;
 745;
 0;
 1053;
 751;
 941;
 441;
 400;
 747;
 677;
 921;
 0;
 1137;
 681;
 1222;
 154;
 677;
 79;
 355;
 359;
 0;
 936;
 215;
 571;
 289;
 315;
 434;
 927;
 369;
 1;
 603;
 56;
 316;
 432;
 984;
 696;
 1176;
 48;
 1;
 732;
 151;
 390;
 306;
 906;
 535;
 1209;
 192;
 1;
 703;
 199;
 442;
 490;
 459;
 685;
 1036;
 34;
 1;
 1013;
 107;
 656;
 231;
 410;
 450;
 694;
 486;
 1;
 359;
 647;
 981;
 271;
 750;
 161;
 436;
 383;
 2;
 778;
 76;
 483;
 348;
 375;
 626;
 924;
 231;
 1;
 672;
 499;
 1019;
 30;
 658;
 198;
 425;
 458;
 2;
 838;
 362;
 851;
 97;
 526;
 282;
 359;
 530;
 0;
 973;
 111;
 668;
 264;
 429;
 462;
 635;
 437;
 0;
 974;
 109;
 673;
 262;
 432;
 455;
 624;
 432;
 1;
 638;
 254;
 647;
 827;
 1247;
 838;
 1243;
 233;
 2;
 1020;
 986;
 390;
 367;
 484;
 614;
 763;
 922;
 2;
 1099;
 843;
 567;
 391;
 382;
 636;
 696;
 874]